182       434       686       938       1190      1442      1694      1946      2198      2450      2702      2954      3206      
434       1118      1802      2486      3170      3854      4538      5222      5906      6590      7274      7958      8642      
686       1802      2918      4034      5150      6266      7382      8498      9614      10730     11846     12962     14078     
938       2486      4034      5582      7130      8678      10226     11774     13322     14870     16418     17966     19514     
1190      3170      5150      7130      9110      11090     13070     15050     17030     19010     20990     22970     24950     
1442      3854      6266      8678      11090     13502     15914     18326     20738     23150     25562     27974     30386     
