546       1302      2058      2814      3570      4326      5082      5838      6594      7350      8106      8862      9618      
1302      3354      5406      7458      9510      11562     13614     15666     17718     19770     21822     23874     25926     
2058      5406      8754      12102     15450     18798     22146     25494     28842     32190     35538     38886     42234     
2814      7458      12102     16746     21390     26034     30678     35322     39966     44610     49254     53898     58542     
3570      9510      15450     21390     27330     33270     39210     45150     51090     57030     62970     68910     74850     
4326      11562     18798     26034     33270     40506     47742     54978     62214     69450     76686     83922     91158     
